0.218491 0.795305
0.334598 0.911104
0.412459 0.798389
0.52602 0.805321
0.678489 0.789917
0.688321 0.749482
0.692254 0.689023
0.688812 0.335117
0.508277 0.338968
0.401106 0.340508
0.352974 0.417142
0.34855 0.474612
0.3456 0.524228
0.345109 0.567309
0.335768 0.683029
0.538402 0.631811
0.460236 0.649525
0.339666 0.663004
0.33475 0.718457
0.460602 0.719612
0.57613 0.722308
0.685371 0.536707
0.812428 0.48287
0.814568 0.332844
0.567407 0.189419
0.691523 0.157569
0.813498 0.198638
0.564986 0.0988514
0.694202 0.0952999
0.768255 0.137327
0.577776 0.579248
0.50441 0.528424
0.654916 0.834845
0.339648 0.792266
0.216962 0.715028
0.561159 0.438722
0.564004 0.33288
